cpu  1250728 0 12334059 1072246656 2258392 1882 16720396 7041927 0 0
cpu0 1250728 0 12334059 1072246656 2258392 1882 16720396 7041927 0 0
intr 1021935967 0 2 0 0 0 0 0 0 0 0 0 0 3 0 0 0 0 91 0 0 36863947 0 0 0 0 0 0 0 0 0 0 0 0 0 0 0 0 0 0 0 0 0 0 0 0 0 0 0 0 0 0 0 0 0 0 0 0 0 0 0 0 0 0 0 2805154616 0 0 0 0 12 49402 0 0 0 0 0 4262 542327626 11 194416030 4263 542910236 0 6 0 6 22587814 14148 59 331 323 392 8206773 6732340 4247859 45223345 242 252 346 22514748 230488 138900286 1376005005 275 411 9935324 18346544 83497137 494543550 1 372 453 6866565 564782 28958911 5040259 43065234 261846504 1 1 1 6169168 10860638 261652568 1 1 1 245 357 1419 436 22 1 0 0 0 0 0 0 0 0 0 0 0 0 0 0 0 0 0 0 0 0 0 0 0 0 0 0 0 0 0 0 0 0 0 0 0 0 0 0 0 0 0 0 0 0 0 0 0 0 0 0 0 0 0 0 0 0 0 0 0 0 0 0 0 0 0 0 0 0 0 0 0 0 0 0 0 0 0 0 0 0 0 0 0 0 0 0 0 0 0 0 0 0 0 0 0 0 0 0 0 0 0 0 0 0 0 0 0 0 0 0 0 0 0 0 0 0 0 0 0 0 0 0 0
ctxt 28076998076
btime 1456191750
processes 46027160
procs_running 1
procs_blocked 0
softirq 5416843564 8 2737656941 81 372411789 1829291655 0 13340739 0 107826 464034525

