cpu  343892052 391591 179686992 8255449896 176732547 2779 11746154 0 0 0
cpu0 94360332 13194 25311161 427954242 978710 2763 10162361 0 0 0
cpu1 19935742 41131 9993729 522847312 7471141 0 76227 0 0 0
cpu2 17431399 19328 14027854 516211416 12705909 2 273247 0 0 0
cpu3 19038390 27211 10018441 520554583 10788150 2 33547 0 0 0
cpu4 15210833 21154 11990063 517126821 16467095 1 234627 0 0 0
cpu5 18045912 20675 9443090 525876198 7063354 0 33500 0 0 0
cpu6 12909877 16220 11508389 516537343 19837969 4 194260 0 0 0
cpu7 16407672 27254 9052205 528906318 6309171 0 34728 0 0 0
cpu8 18507758 41695 10483060 515592285 15762144 3 124925 0 0 0
cpu9 17172074 27679 9711178 526408234 7228540 0 50753 0 0 0
cpu10 17662446 16685 10462168 513984988 18241095 0 124343 0 0 0
cpu11 15999291 25596 9703005 524560628 10247820 2 50592 0 0 0
cpu12 16366487 24498 9901209 518913461 15164664 0 124311 0 0 0
cpu13 14705950 17703 9216785 529464299 7107057 0 51000 0 0 0
cpu14 15866777 25752 9765441 520015817 14723151 2 125789 0 0 0
cpu15 14271112 25816 9099214 530495951 6636577 0 51944 0 0 0
intr 24973625581 28 2 0 0 0 0 0 0 74 0 0 0 4 0 0 0 0 0 0 0 0 0 349202109 2011 0 0 0 0 0 0 0 0 0 0 0 0 6722901 3462703 11633579 3319711 11007411 3345456 10104253 3339444 3128486 3335690 3044697 3216691 3087010 3240335 3096072 3262779 35 0 0 0 517728680 0 0 0 0 0 0 0 205522126 0 0 0 0 0 0 0 53419777 699986805 775927462 175759886 100711723 2376409066 146705878 2189068584 0 0 0 0 0 0 0 0 0 0 0 0 0 0 0 0 0 0 0 0 0 0 0 0 0 0 0 0 0 0 0 0 0 0 0 0 0 0 0 0 0 0 0 0 0 0 0 0 0 0 0 0 0 0 0 0 0 0 0 0 0 0 0 0 0 0 0 0 0 0 0 0 0 0 0 0 0 0 0 0 0 0 0 0 0 0 0 0 0 0 0 0 0 0 0 0 0 0 0 0 0 0 0 0 0 0 0 0 0 0 0 0 0 0 0 0 0 0 0 0 0 0 0 0 0 0 0 0 0 0 0 0 0 0 0 0 0 0 0 0 0 0 0 0 0 0 0 0 0 0 0 0 0 0 0 0 0 0 0 0 0 0 0 0 0 0 0 0 0 0 0 0 0 0 0 0 0 0 0 0 0 0 0 0 0 0 0 0 0 0 0 0 0 0 0 0 0 0 0 0 0 0 0 0 0 0 0 0 0 0 0 0 0 0 0 0 0 0 0 0 0 0 0 0 0 0 0 0 0 0 0 0 0 0 0 0 0 0 0 0 0 0 0 0 0 0 0 0 0 0 0 0 0 0 0 0 0 0 0 0 0 0 0 0 0 0 0 0 0 0 0 0 0 0 0 0 0 0 0 0 0 0 0 0 0 0 0 0 0 0 0 0 0 0 0 0 0 0 0 0 0 0 0 0 0 0 0 0 0 0 0 0 0 0 0 0 0 0 0 0 0 0 0 0 0 0 0 0 0 0 0 0 0 0 0 0 0 0 0 0 0 0 0 0 0 0 0 0 0 0 0 0 0 0 0 0 0 0 0 0 0 0 0 0 0 0 0 0 0 0 0 0 0 0 0 0 0 0 0 0 0 0 0 0 0 0 0 0 0 0 0 0 0 0 0 0 0 0 0 0 0 0 0 0 0 0 0 0 0 0 0 0 0 0 0 0 0 0 0 0 0 0 0 0 0 0 0 0 0 0 0 0 0 0 0 0 0 0 0 0 0 0 0 0 0 0 0 0 0 0 0 0 0 0 0 0 0 0 0 0 0 0 0 0 0 0 0 0 0 0 0 0 0 0 0 0 0 0 0 0 0 0 0 0 0 0 0 0 0 0 0 0 0 0 0 0 0 0 0 0 0 0 0 0 0 0 0 0 0 0 0 0 0 0 0 0 0 0 0 0 0 0 0 0 0 0 0 0 0 0 0 0 0 0 0 0 0 0 0 0 0 0 0 0 0 0 0 0 0 0 0 0 0 0 0 0 0 0 0 0 0 0 0 0 0 0 0 0 0 0 0 0 0 0 0 0 0 0 0 0 0 0 0 0 0 0 0 0 0 0 0 0 0 0 0 0 0 0 0 0 0 0 0 0 0 0 0 0 0 0 0 0 0 0 0 0 0 0 0 0 0 0 0 0 0 0 0 0 0 0 0 0 0 0 0 0 0 0 0 0 0 0 0 0 0 0 0 0 0 0 0 0 0 0 0 0 0 0 0 0 0 0 0 0 0 0 0 0 0 0 0 0 0 0 0 0 0 0 0 0 0 0 0 0 0 0 0 0 0 0 0 0 0 0 0 0 0 0 0 0 0 0 0 0 0 0 0 0 0 0 0 0 0 0 0 0 0 0 0 0 0 0 0 0 0 0 0 0 0 0 0 0 0 0 0 0 0 0 0 0 0 0 0 0 0 0 0 0 0 0 0 0 0 0 0 0 0 0 0 0 0 0 0 0 0 0 0 0 0 0 0 0 0 0 0 0 0 0 0 0 0 0 0 0 0 0 0 0 0 0 0 0 0 0 0 0 0 0 0 0 0 0 0 0 0 0 0 0 0 0 0 0 0 0 0 0 0 0 0 0 0 0 0 0 0 0 0 0 0 0 0 0 0 0 0 0 0 0 0 0 0 0 0 0 0 0 0 0 0 0 0 0 0 0 0 0 0 0 0 0 0 0 0 0 0 0 0 0 0 0 0 0 0 0 0 0 0 0 0 0 0 0 0 0 0 0 0 0 0 0 0 0 0 0 0 0 0 0 0 0 0 0 0 0 0 0 0 0 0 0 0 0 0 0 0 0 0 0 0 0 0 0 0 0 0 0 0 0 0 0 0 0 0 0 0 0 0 0 0 0 0 0 0 0 0 0 0 0 0 0 0 0 0 0 0 0 0 0 0 0 0 0 0 0 0 0 0 0 0 0 0 0 0 0 0 0 0 0 0 0 0 0 0 0 0 0 0 0 0 0 0 0 0 0 0 0 0 0 0 0 0 0 0 0 0 0 0 0 0 0 0 0 0 0 0 0
ctxt 41618507553
btime 1461769511
processes 102914327
procs_running 4
procs_blocked 1
softirq 8329242056 205 1828733535 1131940 2226566559 432238438 0 434707839 1694137616 4769737 1706956187
